Year,"Vulnerable employment, female (% of female employment) (modeled ILO estimate)","Vulnerable employment, male (% of male employment) (modeled ILO estimate)"
1991,34.55833548,22.49874122
1992,34.19424841,22.46330575
1993,33.60664563,22.43334668
1994,32.93277441,22.47091553
1995,32.09403325,22.35440294
1996,30.78207766,21.24798569
1997,29.76922876,20.24152681
1998,28.37930285,19.10706577
1999,27.57944145,18.55121685
2000,27.3428471,18.43428332
2001,26.02390762,17.8999385
2002,25.37245527,18.57020457
2003,24.7983835,19.38566286
2004,24.1887858,20.15883328
2005,23.72328695,21.05963993
2006,23.18227404,21.86571517
2007,23.00228777,21.64447297
2008,23.60144636,21.80159635
2009,26.38842417,20.58088293
2010,24.16549393,19.99472387
2011,21.91600275,20.27222854
2012,24.0516368,21.24332386
2013,20.6597948,20.359814
2014,18.75509779,18.27550634
2015,19.25306888,20.84830074
2016,19.51842527,20.41917352
2017,20.94792276,18.33156476
2018,17.47648415,15.73019257
2019,21.77328309,17.25566648
2020,22.12435925,16.86090896
2021,22.51862431,16.35971343
2022,22.95753776,15.99155908
2023,24.16498481,14.96720401
